1375666
1375666
4943538
4943538
0299424
0299424
4853836
4853836
2351139
2351139
4380746
4380746
2315152
2315152
4849332
4849332
0426629
0426629
6210914
6210914
0252227
0252227
1018665
1018665
0082010
0082010
1465834
1465834
0118604
0118604
0876109
0876109
2308467
2308467
1706354
1706354
4971188
4971188
4515762
4515762
0064687
0064687
2708540
2708540
4066000
4066000
6953136
6953136
0115610
0115610
1619609
1619609
1991005
1991005
6849338
6849338
2457138
2457138
0055781
0055781
0837145
0837145
0978569
0978569
0488962
0488962
5180934
5180934
0779982
0779982
0071232
0071232
2244743
2244743
1691924
1691924
0397044
0397044
3832944
3832944
0280593
0280593
3651456
3651456
0126821
0126821
6156712
6156712
6468584
6468584
2403316
2403316
3203656
3203656
3710944
3710944
7132708
7132708
1357009
1357009
1992111
1992111
1375666
1375666
0189439
0189439
1606718
1606718
2191653
2191653
2445212
2445212
0167851
0167851
5513988
5513988
0070603
0070603
4760708
4760708
0859601
0859601
0257516
0257516
0377722
0377722
6104768
6104768
3155734
3155734
1231593
1231593
0326820
0326820
0092850
0092850
1736251
1736251
0077411
0077411
0229332
0229332
2783274
2783274
2403853
2403853
1869371
1869371
0067016
0067016
2724546
2724546
1931421
1931421
0059125
0059125
0065660
0065660
0889184
0889184
4212332
4212332
0101829
0101829
2033248
2033248
0058079
0058079
4908942
4908942
3475626
3475626
3607256
3607256
5656702
5656702
5662012
5662012
2056573
2056573
2966874
2966874
0465993
0465993
6516386
6516386
0035899
0035899
1358182
1358182
0063275
0063275
0093712
0093712
0780520
0780520
2615666
2615666
0106980
0106980
0082425
0082425
0422295
0422295
1375666
1375666
1869442
1869442
3120696
3120696
1570984
1570984
0210070
0210070
0353489
0353489
0365265
0365265
5567368
5567368
6499226
6499226
6689414
6689414
0436370
0436370
1692851
1692851
6740472
6740472
1665734
1665734
1713452
1713452
0817910
0817910
3587368
3587368
0832311
0832311
2083209
2083209
0037793
0037793
0127378
0127378
0051746
0051746
5351576
5351576
0089308
0089308
0097534
0097534
0102067
0102067
0113349
0113349
2279025
2279025
4745982
4745982
0113361
0113361
0874917
0874917
1308646
1308646
0050530
0050530
1541815
1541815
7358136
7358136
1647368
1647368
4419684
4419684
6556866
6556866
0050545
0050545
2404003
2404003
0850677
0850677
0955831
0955831
3829534
3829534
4549192
4549192
0803019
0803019
2077781
2077781
1570619
1570619
5118826
5118826
2668292
2668292
0065750
0065750
4248220
4248220
1375666
1375666
4166592
4166592
0063362
0063362
1603324
1603324
0297455
0297455
5279322
5279322
7147748
7147748
0472597
0472597
1378720
1378720
2325829
2325829
5002000
5002000
1555062
1555062
2027154
2027154
5095698
5095698
2275648
2275648
6937522
6937522
4063016
4063016
4025202
4025202
4031126
4031126
1895468
1895468
0061931
0061931
1132167
1132167
5250800
5250800
6378952
6378952
4883282
4883282
5110300
5110300
0756689
0756689
3065842
3065842
5833042
5833042
2130271
2130271
0100172
0100172
1366693
1366693
4573834
4573834
1841748
1841748
0263759
0263759
0285756
0285756
1553068
1553068
0068967
0068967
4332956
4332956
0151626
0151626
0097938
0097938
1034456
1034456
1693786
1693786
1135933
1135933
0097973
0097973
0073338
0073338
1602563
1602563
3530020
3530020
6608052
6608052
6277180
6277180
2070759
2070759
1375666
1375666
6164502
6164502
0456117
0456117
0067210
0067210
4292322
4292322
6021272
6021272
4383786
4383786
1735216
1735216
4938374
4938374
5243336
5243336
6062526
6062526
1967569
1967569
1662556
1662556
0349969
0349969
0337779
0337779
3272572
3272572
2271412
2271412
0114193
0114193
0191391
0191391
7004136
7004136
2234373
2234373
1766029
1766029
1486185
1486185
0385988
0385988
5139962
5139962
1626201
1626201
5507002
5507002
5830936
5830936
2014330
2014330
3850164
3850164
2388733
2388733
5832160
5832160
4157142
4157142
2039379
2039379
4294130
4294130
1934376
1934376
0374180
0374180
6486294
6486294
4029516
4029516
0061453
0061453
5869582
5869582
0189072
0189072
6828508
6828508
4944494
4944494
0038934
0038934
3109842
3109842
1446163
1446163
1520490
1520490
0122710
0122710
2486724
2486724
0130892
0130892
1375666
1375666
0090021
0090021
1865503
1865503
0461703
0461703
4411234
4411234
2445960
2445960
3349872
3349872
0465616
0465616
1702009
1702009
3064708
3064708
4488836
4488836
2157312
2157312
0090142
0090142
1717690
1717690
2426934
2426934
0064105
0064105
3995524
3995524
2325997
2325997
0071200
0071200
0085233
0085233
0462193
0462193
3774236
3774236
1451423
1451423
0069820
0069820
1512239
1512239
1491606
1491606
1103975
1103975
0167099
0167099
0299726
0299726
0054777
0054777
1302561
1302561
0499486
0499486
2829040
2829040
1554092
1554092
7147442
7147442
2044876
2044876
4378726
4378726
5603634
5603634
2733124
2733124
4155420
4155420
0972387
0972387
0035009
0035009
0064627
0064627
1043731
1043731
0093560
0093560
1515171
1515171
6327196
6327196
6420588
6420588
1884456
1884456
5651186
5651186
0069162
0069162
1375666
1375666
3649944
3649944
2631480
2631480
2041517
2041517
5832136
5832136
4824366
4824366
0328528
0328528
1325004
1325004
1259571
1259571
1545514
1545514
0035489
0035489
4807936
4807936
0049944
0049944
0003526
0003526
0479601
0479601
5645786
5645786
4171266
4171266
0070908
0070908
2106727
2106727
0034398
0034398
0214306
0214306
3919102
3919102
4418780
4418780
3471212
3471212
0780653
0780653
3608618
3608618
1919165
1919165
0430684
0430684
2315428
2315428
7002174
7002174
5631594
5631594
1337714
1337714
2106732
2106732
0153362
0153362
0401855
0401855
0770825
0770825
0834001
0834001
4805318
4805318
0338526
0338526
3847422
3847422
1278153
1278153
0096426
0096426
3002882
3002882
2095824
2095824
1669848
1669848
0118137
0118137
2399270
2399270
3236274
3236274
1578847
1578847
7300194
7300194
3361186
3361186
1375666
1375666
6296570
6296570
4070556
4070556
1337211
1337211
0470132
0470132
0074829
0074829
0756258
0756258
6720744
6720744
0055106
0055106
0815258
0815258
0027194
0027194
7033144
7033144
1877850
1877850
1987028
1987028
1068958
1068958
2608340
2608340
1663954
1663954
6359082
6359082
0067972
0067972
5254648
5254648
1474491
1474491
2222744
2222744
7241560
7241560
0188168
0188168
1661960
1661960
6811030
6811030
0111742
0111742
2140203
2140203
4806114
4806114
6717208
6717208
2781516
2781516
0141996
0141996
0880501
0880501
0339918
0339918
1266121
1266121
2315064
2315064
1979398
1979398
4531840
4531840
6769708
6769708
1478877
1478877
